[gd_scene load_steps=15 format=3 uid="uid://b38decoxyqwam"]

[sub_resource type="PlaneMesh" id="PlaneMesh_von16"]
size = Vector2(30, 100)

[sub_resource type="MeshTexture" id="MeshTexture_crwtd"]

[sub_resource type="StandardMaterial3D" id="StandardMaterial3D_yniiy"]
albedo_color = Color(0.996078, 0.686275, 0.807843, 1)
albedo_texture = SubResource("MeshTexture_crwtd")

[sub_resource type="ConcavePolygonShape3D" id="ConcavePolygonShape3D_ai634"]
data = PackedVector3Array(10, 0, 10, -10, 0, 10, 10, 0, -10, -10, 0, 10, -10, 0, -10, 10, 0, -10)

[sub_resource type="BoxMesh" id="BoxMesh_hrfps"]
size = Vector3(10, 4, 1)

[sub_resource type="MeshTexture" id="MeshTexture_d88e4"]

[sub_resource type="ORMMaterial3D" id="ORMMaterial3D_g63j0"]
albedo_color = Color(0.784314, 0.588235, 0.196078, 1)
albedo_texture = SubResource("MeshTexture_d88e4")

[sub_resource type="ConvexPolygonShape3D" id="ConvexPolygonShape3D_nk31o"]
points = PackedVector3Array(5, 2, 0.5, 5, 2, -0.5, -5, 2, 0.5, 5, -2, 0.5, 5, -2, -0.5, -5, 2, -0.5, -5, -2, 0.5, -5, -2, -0.5)

[sub_resource type="MeshTexture" id="MeshTexture_iv5qe"]

[sub_resource type="ORMMaterial3D" id="ORMMaterial3D_th2le"]
albedo_color = Color(0.784314, 0.588235, 0.196078, 1)
albedo_texture = SubResource("MeshTexture_iv5qe")

[sub_resource type="ConvexPolygonShape3D" id="ConvexPolygonShape3D_aq7a7"]
points = PackedVector3Array(5, 2, 0.5, 5, 2, -0.5, -5, 2, 0.5, 5, -2, 0.5, 5, -2, -0.5, -5, 2, -0.5, -5, -2, 0.5, -5, -2, -0.5)

[sub_resource type="MeshTexture" id="MeshTexture_5wqer"]

[sub_resource type="ORMMaterial3D" id="ORMMaterial3D_mnb0o"]
albedo_color = Color(0.784314, 0.588235, 0.196078, 1)
albedo_texture = SubResource("MeshTexture_5wqer")

[sub_resource type="ConvexPolygonShape3D" id="ConvexPolygonShape3D_id1ul"]
points = PackedVector3Array(5, 2, 0.5, 5, 2, -0.5, -5, 2, 0.5, 5, -2, 0.5, 5, -2, -0.5, -5, 2, -0.5, -5, -2, 0.5, -5, -2, -0.5)

[node name="Plane" type="MeshInstance3D"]
mesh = SubResource("PlaneMesh_von16")
skeleton = NodePath("../../../../..")
surface_material_override/0 = SubResource("StandardMaterial3D_yniiy")

[node name="StaticBody3D" type="StaticBody3D" parent="."]

[node name="CollisionShape3D" type="CollisionShape3D" parent="StaticBody3D"]
shape = SubResource("ConcavePolygonShape3D_ai634")

[node name="Block_0" type="StaticBody3D" parent="."]
transform = Transform3D(0.999503, 0.00941103, 0.030081, -0.0125603, 0.994256, 0.106286, -0.0289078, -0.106611, 0.99388, -9.91982, 1.22841, -0.858693)

[node name="MeshInstance3D" type="MeshInstance3D" parent="Block_0"]
transform = Transform3D(1, 0, 0, 0, 1, 0, 0, 0, 1, 0, 0.724454, 0)
mesh = SubResource("BoxMesh_hrfps")
surface_material_override/0 = SubResource("ORMMaterial3D_g63j0")

[node name="CollisionShape3D" type="CollisionShape3D" parent="Block_0"]
transform = Transform3D(1, 0, 0, 0, 1, 0, 0, 0, 1, 0, 0.724454, 0)
shape = SubResource("ConvexPolygonShape3D_nk31o")

[node name="Block_7" type="StaticBody3D" parent="."]
transform = Transform3D(0.99765, 0.0196208, -0.0656459, -0.0125603, 0.994256, 0.106286, 0.0673542, -0.105211, 0.992166, -5.95625, 1.22841, 11.8463)

[node name="MeshInstance3D" type="MeshInstance3D" parent="Block_7"]
transform = Transform3D(1, 0, 0, 0, 1, 0, 0, 0, 1, 0, 0.724454, 0)
mesh = SubResource("BoxMesh_hrfps")
surface_material_override/0 = SubResource("ORMMaterial3D_g63j0")

[node name="CollisionShape3D" type="CollisionShape3D" parent="Block_7"]
transform = Transform3D(1, 0, 0, 0, 1, 0, 0, 0, 1, 0, 0.724454, 0)
shape = SubResource("ConvexPolygonShape3D_nk31o")

[node name="Block_1" type="StaticBody3D" parent="."]
transform = Transform3D(1, 0, 0, 0, 0.999867, 0.0163179, 0, -0.0163179, 0.999867, 7.64556, 0.966372, 16.0181)

[node name="MeshInstance3D" type="MeshInstance3D" parent="Block_1"]
transform = Transform3D(1, 0, 0, 0, 1, 0, 0, 0, 1, 0, 0.724454, 0)
mesh = SubResource("BoxMesh_hrfps")
surface_material_override/0 = SubResource("ORMMaterial3D_th2le")

[node name="CollisionShape3D" type="CollisionShape3D" parent="Block_1"]
transform = Transform3D(1, 0, 0, 0, 1, 0, 0, 0, 1, 0, 0.724454, 0)
shape = SubResource("ConvexPolygonShape3D_aq7a7")

[node name="Block_5" type="StaticBody3D" parent="."]
transform = Transform3D(1, 0, 0, 0, 0.999867, 0.0163179, 0, -0.0163179, 0.999867, 1.99461, 0.966372, -7.60369)

[node name="MeshInstance3D" type="MeshInstance3D" parent="Block_5"]
transform = Transform3D(1, 0, 0, 0, 1, 0, 0, 0, 1, 0, 0.724454, 0)
mesh = SubResource("BoxMesh_hrfps")
surface_material_override/0 = SubResource("ORMMaterial3D_th2le")

[node name="CollisionShape3D" type="CollisionShape3D" parent="Block_5"]
transform = Transform3D(1, 0, 0, 0, 1, 0, 0, 0, 1, 0, 0.724454, 0)
shape = SubResource("ConvexPolygonShape3D_aq7a7")

[node name="Block_2" type="StaticBody3D" parent="."]
transform = Transform3D(-0.999718, -0.0148438, 0.0185267, -0.0154629, 0.999311, -0.0337267, -0.0180135, -0.0340036, -0.99926, -4.03605, 0.848795, -17.8632)

[node name="MeshInstance3D" type="MeshInstance3D" parent="Block_2"]
transform = Transform3D(1, 0, 0, 0, 1, 0, 0, 0, 1, 0, 0.724454, 0)
mesh = SubResource("BoxMesh_hrfps")
surface_material_override/0 = SubResource("ORMMaterial3D_mnb0o")

[node name="CollisionShape3D" type="CollisionShape3D" parent="Block_2"]
transform = Transform3D(1, 0, 0, 0, 1, 0, 0, 0, 1, 0, 0.724454, 0)
shape = SubResource("ConvexPolygonShape3D_id1ul")

[node name="Block_14" type="StaticBody3D" parent="."]
transform = Transform3D(0.0173233, -0.0334578, -0.99929, -0.0154629, 0.999311, -0.0337266, 0.99973, 0.0160361, 0.0167943, -1.39378, 0.848795, 6.3062)

[node name="MeshInstance3D" type="MeshInstance3D" parent="Block_14"]
transform = Transform3D(1, 0, 0, 0, 1, 0, 0, 0, 1, 0, 0.724454, 0)
mesh = SubResource("BoxMesh_hrfps")
surface_material_override/0 = SubResource("ORMMaterial3D_mnb0o")

[node name="CollisionShape3D" type="CollisionShape3D" parent="Block_14"]
transform = Transform3D(1, 0, 0, 0, 1, 0, 0, 0, 1, 0, 0.724454, 0)
shape = SubResource("ConvexPolygonShape3D_id1ul")

[node name="Block_12" type="StaticBody3D" parent="."]
transform = Transform3D(-0.0327723, -0.034219, -0.998877, -0.0154629, 0.999311, -0.0337267, 0.999343, 0.0143402, -0.0332787, -3.10924, 0.848795, -12.3171)

[node name="MeshInstance3D" type="MeshInstance3D" parent="Block_12"]
transform = Transform3D(1, 0, 0, 0, 1, 0, 0, 0, 1, 0, 0.724454, 0)
mesh = SubResource("BoxMesh_hrfps")
surface_material_override/0 = SubResource("ORMMaterial3D_mnb0o")

[node name="CollisionShape3D" type="CollisionShape3D" parent="Block_12"]
transform = Transform3D(1, -1.20394e-10, -2.67578e-08, -1.40498e-09, 1, -2.25129e-09, 1.86503e-08, 1.88773e-09, 1, 4.76837e-07, 0.724454, 0)
shape = SubResource("ConvexPolygonShape3D_id1ul")

[node name="Block_17" type="StaticBody3D" parent="."]
transform = Transform3D(-0.0327723, -0.034219, -0.998877, -0.0154629, 0.999311, -0.0337267, 0.999343, 0.0143402, -0.0332787, -9.39467, 0.848795, -19.3329)

[node name="MeshInstance3D" type="MeshInstance3D" parent="Block_17"]
transform = Transform3D(1, 0, 0, 0, 1, 0, 0, 0, 1, 0, 0.724454, 0)
mesh = SubResource("BoxMesh_hrfps")
surface_material_override/0 = SubResource("ORMMaterial3D_mnb0o")

[node name="CollisionShape3D" type="CollisionShape3D" parent="Block_17"]
transform = Transform3D(1, -1.20394e-10, -2.67578e-08, -1.40498e-09, 1, -2.25129e-09, 1.86503e-08, 1.88773e-09, 1, 4.76837e-07, 0.724454, 0)
shape = SubResource("ConvexPolygonShape3D_id1ul")

[node name="Block_19" type="StaticBody3D" parent="."]
transform = Transform3D(-0.0327723, -0.034219, -0.998877, -0.0154629, 0.999311, -0.0337267, 0.999343, 0.0143402, -0.0332787, -10.6268, 0.848795, -4.34813)

[node name="MeshInstance3D" type="MeshInstance3D" parent="Block_19"]
transform = Transform3D(1, 0, 0, 0, 1, 0, 0, 0, 1, 0, 0.724454, 0)
mesh = SubResource("BoxMesh_hrfps")
surface_material_override/0 = SubResource("ORMMaterial3D_mnb0o")

[node name="CollisionShape3D" type="CollisionShape3D" parent="Block_19"]
transform = Transform3D(1, -1.20394e-10, -2.67578e-08, -1.40498e-09, 1, -2.25129e-09, 1.86503e-08, 1.88773e-09, 1, 4.76837e-07, 0.724454, 0)
shape = SubResource("ConvexPolygonShape3D_id1ul")

[node name="Block_18" type="StaticBody3D" parent="."]
transform = Transform3D(-0.0327723, -0.034219, -0.998877, -0.0154629, 0.999311, -0.0337267, 0.999343, 0.0143402, -0.0332787, -9.39467, 0.848795, -35.2132)

[node name="MeshInstance3D" type="MeshInstance3D" parent="Block_18"]
transform = Transform3D(1, 0, 0, 0, 1, 0, 0, 0, 1, 0, 0.724454, 0)
mesh = SubResource("BoxMesh_hrfps")
surface_material_override/0 = SubResource("ORMMaterial3D_mnb0o")

[node name="CollisionShape3D" type="CollisionShape3D" parent="Block_18"]
transform = Transform3D(1, -1.20394e-10, -2.67578e-08, -1.40498e-09, 1, -2.25129e-09, 1.86503e-08, 1.88773e-09, 1, 4.76837e-07, 0.724454, 0)
shape = SubResource("ConvexPolygonShape3D_id1ul")

[node name="Block_16" type="StaticBody3D" parent="."]
transform = Transform3D(-0.0327723, -0.034219, -0.998877, -0.0154629, 0.999311, -0.0337267, 0.999343, 0.0143402, -0.0332787, -3.10924, 0.848795, -31.568)

[node name="MeshInstance3D" type="MeshInstance3D" parent="Block_16"]
transform = Transform3D(1, 0, 0, 0, 1, 0, 0, 0, 1, 0, 0.724454, 0)
mesh = SubResource("BoxMesh_hrfps")
surface_material_override/0 = SubResource("ORMMaterial3D_mnb0o")

[node name="CollisionShape3D" type="CollisionShape3D" parent="Block_16"]
transform = Transform3D(1, -1.20394e-10, -2.67578e-08, -1.40498e-09, 1, -2.25129e-09, 1.86503e-08, 1.88773e-09, 1, 4.76837e-07, 0.724454, 0)
shape = SubResource("ConvexPolygonShape3D_id1ul")

[node name="Block_13" type="StaticBody3D" parent="."]
transform = Transform3D(0.0436791, -0.0330233, -0.9985, -0.0154629, 0.999311, -0.0337267, 0.998926, 0.0169128, 0.0431386, -10.5594, 0.848795, 12.1371)

[node name="MeshInstance3D" type="MeshInstance3D" parent="Block_13"]
transform = Transform3D(1, 0, 0, 0, 1, 0, 0, 0, 1, 0, 0.724454, 0)
mesh = SubResource("BoxMesh_hrfps")
surface_material_override/0 = SubResource("ORMMaterial3D_mnb0o")

[node name="CollisionShape3D" type="CollisionShape3D" parent="Block_13"]
transform = Transform3D(1, 0, 0, 0, 1, 0, 0, 0, 1, 0, 0.724454, 0)
shape = SubResource("ConvexPolygonShape3D_id1ul")

[node name="Block_6" type="StaticBody3D" parent="."]
transform = Transform3D(-0.999054, -0.0140698, 0.0411576, -0.0154629, 0.999311, -0.0337267, -0.0406549, -0.0343311, -0.998584, 9.33488, 1.22722, 9.86134)

[node name="MeshInstance3D" type="MeshInstance3D" parent="Block_6"]
transform = Transform3D(1, 0, 0, 0, 1, 0, 0, 0, 1, 0, 0.724454, 0)
mesh = SubResource("BoxMesh_hrfps")
surface_material_override/0 = SubResource("ORMMaterial3D_mnb0o")

[node name="CollisionShape3D" type="CollisionShape3D" parent="Block_6"]
transform = Transform3D(1, 0, 0, 0, 1, 0, 0, 0, 1, 0, 0.724454, 0)
shape = SubResource("ConvexPolygonShape3D_id1ul")

[node name="Block_8" type="StaticBody3D" parent="."]
transform = Transform3D(-0.999054, -0.0140698, 0.0411576, -0.0154629, 0.999311, -0.0337267, -0.0406549, -0.0343311, -0.998584, 2.89972, 1.22722, 1.00033)

[node name="MeshInstance3D" type="MeshInstance3D" parent="Block_8"]
transform = Transform3D(1, 0, 0, 0, 1, 0, 0, 0, 1, 0, 0.724454, 0)
mesh = SubResource("BoxMesh_hrfps")
surface_material_override/0 = SubResource("ORMMaterial3D_mnb0o")

[node name="CollisionShape3D" type="CollisionShape3D" parent="Block_8"]
transform = Transform3D(1, 0, 0, 0, 1, 0, 0, 0, 1, 0, 0.724454, 0)
shape = SubResource("ConvexPolygonShape3D_id1ul")

[node name="Block_9" type="StaticBody3D" parent="."]
transform = Transform3D(-0.0430688, 0.0330337, 0.998526, -0.0154629, 0.999311, -0.0337267, -0.998953, -0.0168926, -0.0425286, 12.9996, 1.22722, 0.223527)

[node name="MeshInstance3D" type="MeshInstance3D" parent="Block_9"]
transform = Transform3D(1, 0, 0, 0, 1, 0, 0, 0, 1, 0, 0.724454, 0)
mesh = SubResource("BoxMesh_hrfps")
surface_material_override/0 = SubResource("ORMMaterial3D_mnb0o")

[node name="CollisionShape3D" type="CollisionShape3D" parent="Block_9"]
transform = Transform3D(1, 0, 0, 0, 1, 0, 0, 0, 1, 0, 0.724454, 0)
shape = SubResource("ConvexPolygonShape3D_id1ul")

[node name="Block_10" type="StaticBody3D" parent="."]
transform = Transform3D(-0.999054, -0.0140698, 0.0411576, -0.0154629, 0.999311, -0.0337267, -0.0406549, -0.0343311, -0.998584, 10.395, 1.22722, -20.9821)

[node name="MeshInstance3D" type="MeshInstance3D" parent="Block_10"]
transform = Transform3D(1, 0, 0, 0, 1, 0, 0, 0, 1, 0, 0.724454, 0)
mesh = SubResource("BoxMesh_hrfps")
surface_material_override/0 = SubResource("ORMMaterial3D_mnb0o")

[node name="CollisionShape3D" type="CollisionShape3D" parent="Block_10"]
transform = Transform3D(1, 0, 0, 0, 1, 0, 0, 0, 1, 0, 0.724454, 0)
shape = SubResource("ConvexPolygonShape3D_id1ul")

[node name="Block_11" type="StaticBody3D" parent="."]
transform = Transform3D(-0.999054, -0.0140698, 0.0411576, -0.0154629, 0.999311, -0.0337267, -0.0406549, -0.0343311, -0.998584, 9.10999, 1.22722, -35.6404)

[node name="MeshInstance3D" type="MeshInstance3D" parent="Block_11"]
transform = Transform3D(1, 0, 0, 0, 1, 0, 0, 0, 1, 0, 0.724454, 0)
mesh = SubResource("BoxMesh_hrfps")
surface_material_override/0 = SubResource("ORMMaterial3D_mnb0o")

[node name="CollisionShape3D" type="CollisionShape3D" parent="Block_11"]
transform = Transform3D(1, 0, 0, 0, 1, 0, 0, 0, 1, 0, 0.724454, 0)
shape = SubResource("ConvexPolygonShape3D_id1ul")

[node name="Block_3" type="StaticBody3D" parent="."]
transform = Transform3D(-0.016588, 0.00446164, -0.999853, 0.0181195, -0.999824, -0.0047621, -0.999698, -0.0181957, 0.0165039, 11.2209, 2.71294, -15.0015)

[node name="MeshInstance3D" type="MeshInstance3D" parent="Block_3"]
transform = Transform3D(1, 0, 0, 0, 1, 0, 0, 0, 1, 0, 0.724454, 0)
mesh = SubResource("BoxMesh_hrfps")
surface_material_override/0 = SubResource("ORMMaterial3D_mnb0o")

[node name="CollisionShape3D" type="CollisionShape3D" parent="Block_3"]
transform = Transform3D(1, 0, 0, 0, 1, 0, 0, 0, 1, 0, 0.724454, 0)
shape = SubResource("ConvexPolygonShape3D_id1ul")

[node name="Block_4" type="StaticBody3D" parent="."]
transform = Transform3D(-0.99894, -0.0183045, 0.0422355, 0.0181195, -0.999824, -0.0047621, 0.0423155, -0.00399179, 0.999097, -3.65341, 2.71294, -32.7228)

[node name="MeshInstance3D" type="MeshInstance3D" parent="Block_4"]
transform = Transform3D(1, 0, 0, 0, 1, 0, 0, 0, 1, 0, 0.724454, 0)
mesh = SubResource("BoxMesh_hrfps")
surface_material_override/0 = SubResource("ORMMaterial3D_mnb0o")

[node name="CollisionShape3D" type="CollisionShape3D" parent="Block_4"]
transform = Transform3D(1, 0, 0, 0, 1, 0, 0, 0, 1, 0, 0.724454, 0)
shape = SubResource("ConvexPolygonShape3D_id1ul")

[node name="Block_15" type="StaticBody3D" parent="."]
transform = Transform3D(-0.99894, -0.0183045, 0.0422355, 0.0181195, -0.999824, -0.0047621, 0.0423155, -0.00399179, 0.999097, 2.02118, 2.71294, -27.0393)

[node name="MeshInstance3D" type="MeshInstance3D" parent="Block_15"]
transform = Transform3D(1, 0, 0, 0, 1, 0, 0, 0, 1, 0, 0.724454, 0)
mesh = SubResource("BoxMesh_hrfps")
surface_material_override/0 = SubResource("ORMMaterial3D_mnb0o")

[node name="CollisionShape3D" type="CollisionShape3D" parent="Block_15"]
transform = Transform3D(1, 0, 0, 0, 1, 0, 0, 0, 1, 0, 0.724454, 0)
shape = SubResource("ConvexPolygonShape3D_id1ul")
