[gd_scene load_steps=15 format=3 uid="uid://ckua4hyecfejo"]

[sub_resource type="PlaneMesh" id="PlaneMesh_von16"]
size = Vector2(30, 100)

[sub_resource type="MeshTexture" id="MeshTexture_t0jyn"]

[sub_resource type="StandardMaterial3D" id="StandardMaterial3D_roxe3"]
albedo_color = Color(0.996078, 0.686275, 0.807843, 1)
albedo_texture = SubResource("MeshTexture_t0jyn")

[sub_resource type="ConcavePolygonShape3D" id="ConcavePolygonShape3D_ai634"]
data = PackedVector3Array(10, 0, 10, -10, 0, 10, 10, 0, -10, -10, 0, 10, -10, 0, -10, 10, 0, -10)

[sub_resource type="BoxMesh" id="BoxMesh_hrfps"]
size = Vector3(10, 4, 1)

[sub_resource type="MeshTexture" id="MeshTexture_c3flq"]

[sub_resource type="ORMMaterial3D" id="ORMMaterial3D_8i8bp"]
albedo_color = Color(0.784314, 0.588235, 0.196078, 1)
albedo_texture = SubResource("MeshTexture_c3flq")

[sub_resource type="ConvexPolygonShape3D" id="ConvexPolygonShape3D_sfe40"]
points = PackedVector3Array(5, 2, 0.5, 5, 2, -0.5, -5, 2, 0.5, 5, -2, 0.5, 5, -2, -0.5, -5, 2, -0.5, -5, -2, 0.5, -5, -2, -0.5)

[sub_resource type="MeshTexture" id="MeshTexture_s3nrw"]

[sub_resource type="ORMMaterial3D" id="ORMMaterial3D_uaxy0"]
albedo_color = Color(0.784314, 0.588235, 0.196078, 1)
albedo_texture = SubResource("MeshTexture_s3nrw")

[sub_resource type="ConvexPolygonShape3D" id="ConvexPolygonShape3D_e67ap"]
points = PackedVector3Array(5, 2, 0.5, 5, 2, -0.5, -5, 2, 0.5, 5, -2, 0.5, 5, -2, -0.5, -5, 2, -0.5, -5, -2, 0.5, -5, -2, -0.5)

[sub_resource type="MeshTexture" id="MeshTexture_lleqd"]

[sub_resource type="ORMMaterial3D" id="ORMMaterial3D_1tlx7"]
albedo_color = Color(0.784314, 0.588235, 0.196078, 1)
albedo_texture = SubResource("MeshTexture_lleqd")

[sub_resource type="ConvexPolygonShape3D" id="ConvexPolygonShape3D_n45ut"]
points = PackedVector3Array(5, 2, 0.5, 5, 2, -0.5, -5, 2, 0.5, 5, -2, 0.5, 5, -2, -0.5, -5, 2, -0.5, -5, -2, 0.5, -5, -2, -0.5)

[node name="Plane" type="MeshInstance3D"]
mesh = SubResource("PlaneMesh_von16")
skeleton = NodePath("../../../../..")
surface_material_override/0 = SubResource("StandardMaterial3D_roxe3")

[node name="StaticBody3D" type="StaticBody3D" parent="."]

[node name="CollisionShape3D" type="CollisionShape3D" parent="StaticBody3D"]
shape = SubResource("ConcavePolygonShape3D_ai634")

[node name="Block_0" type="StaticBody3D" parent="."]
transform = Transform3D(1, 0, 0, 0, 0.981591, 0.190997, 0, -0.190997, 0.981591, -9.02567, 1.20197, 19.7775)

[node name="MeshInstance3D" type="MeshInstance3D" parent="Block_0"]
transform = Transform3D(1, 0, 0, 0, 1, 4.81943e-09, 0, -1.19418e-08, 1, 0, 0.724454, 0)
mesh = SubResource("BoxMesh_hrfps")
surface_material_override/0 = SubResource("ORMMaterial3D_8i8bp")

[node name="CollisionShape3D" type="CollisionShape3D" parent="Block_0"]
transform = Transform3D(1, 0, 0, 0, 1, 0, 0, 0, 1, 0, 0.724454, 0)
shape = SubResource("ConvexPolygonShape3D_sfe40")

[node name="Block_14" type="StaticBody3D" parent="."]
transform = Transform3D(1, 0, 0, 0, 0.981591, 0.190997, 0, -0.190997, 0.981591, -6.24842, 1.20197, 19.7775)

[node name="MeshInstance3D" type="MeshInstance3D" parent="Block_14"]
transform = Transform3D(1, 0, 0, 0, 1, 4.81943e-09, 0, -1.19418e-08, 1, 0, 0.724454, 0)
mesh = SubResource("BoxMesh_hrfps")
surface_material_override/0 = SubResource("ORMMaterial3D_8i8bp")

[node name="CollisionShape3D" type="CollisionShape3D" parent="Block_14"]
transform = Transform3D(1, 0, 0, 0, 1, 0, 0, 0, 1, 0, 0.724454, 0)
shape = SubResource("ConvexPolygonShape3D_sfe40")

[node name="Block_4" type="StaticBody3D" parent="."]
transform = Transform3D(1, 0, 0, 0, 0.981591, 0.190997, 0, -0.190997, 0.981591, -9.56136, 1.20197, -2.47502)

[node name="MeshInstance3D" type="MeshInstance3D" parent="Block_4"]
transform = Transform3D(1, 0, 0, 0, 1, 0, 0, 0, 1, 0, 0.724454, 0)
mesh = SubResource("BoxMesh_hrfps")
surface_material_override/0 = SubResource("ORMMaterial3D_8i8bp")

[node name="CollisionShape3D" type="CollisionShape3D" parent="Block_4"]
transform = Transform3D(1, 0, 0, 0, 1, 0, 0, 0, 1, 0, 0.724454, 0)
shape = SubResource("ConvexPolygonShape3D_sfe40")

[node name="Block_5" type="StaticBody3D" parent="."]
transform = Transform3D(0.999577, 0.00555291, -0.0285379, -3.27877e-09, 0.981591, 0.190997, 0.0290731, -0.190917, 0.981176, -5.38309, 1.20197, 8.42658)

[node name="MeshInstance3D" type="MeshInstance3D" parent="Block_5"]
transform = Transform3D(1, 0, 0, 0, 1, 0, 0, 0, 1, 0, 0.724454, 0)
mesh = SubResource("BoxMesh_hrfps")
surface_material_override/0 = SubResource("ORMMaterial3D_8i8bp")

[node name="CollisionShape3D" type="CollisionShape3D" parent="Block_5"]
transform = Transform3D(1, 0, 0, 0, 1, 0, 0, 0, 1, 0, 0.724454, 0)
shape = SubResource("ConvexPolygonShape3D_sfe40")

[node name="Block_3" type="StaticBody3D" parent="."]
transform = Transform3D(1, 0, 0, 0, 0.981591, 0.190997, 0, -0.190997, 0.981591, 3.24767, 1.20197, 14.4979)

[node name="MeshInstance3D" type="MeshInstance3D" parent="Block_3"]
transform = Transform3D(1, 0, 0, 0, 1, 0, 0, 0, 1, 0, 0.724454, 0)
mesh = SubResource("BoxMesh_hrfps")
surface_material_override/0 = SubResource("ORMMaterial3D_8i8bp")

[node name="CollisionShape3D" type="CollisionShape3D" parent="Block_3"]
transform = Transform3D(1, 0, 0, 0, 1, 0, 0, 0, 1, 0, 0.724454, 0)
shape = SubResource("ConvexPolygonShape3D_sfe40")

[node name="Block_13" type="StaticBody3D" parent="."]
transform = Transform3D(1, 0, 0, 0, 0.981591, 0.190997, 0, -0.190997, 0.981591, 7.98476, 1.20197, 14.4979)

[node name="MeshInstance3D" type="MeshInstance3D" parent="Block_13"]
transform = Transform3D(1, 0, 0, 0, 1, 0, 0, 0, 1, 0, 0.724454, 0)
mesh = SubResource("BoxMesh_hrfps")
surface_material_override/0 = SubResource("ORMMaterial3D_8i8bp")

[node name="CollisionShape3D" type="CollisionShape3D" parent="Block_13"]
transform = Transform3D(1, 0, 0, 0, 1, 0, 0, 0, 1, 0, 0.724454, 0)
shape = SubResource("ConvexPolygonShape3D_sfe40")

[node name="Block_6" type="StaticBody3D" parent="."]
transform = Transform3D(1, 0, 0, 0, 0.981591, 0.190997, 0, -0.190997, 0.981591, 4.82786, 1.20197, -1.26179)

[node name="MeshInstance3D" type="MeshInstance3D" parent="Block_6"]
transform = Transform3D(1, 0, 0, 0, 1, 0, 0, 0, 1, 0, 0.724454, 0)
mesh = SubResource("BoxMesh_hrfps")
surface_material_override/0 = SubResource("ORMMaterial3D_8i8bp")

[node name="CollisionShape3D" type="CollisionShape3D" parent="Block_6"]
transform = Transform3D(1, 0, 0, 0, 1, 0, 0, 0, 1, 0, 0.724454, 0)
shape = SubResource("ConvexPolygonShape3D_sfe40")

[node name="Block_7" type="StaticBody3D" parent="."]
transform = Transform3D(1, 0, 0, 0, 0.981591, 0.190997, 0, -0.190997, 0.981591, 0.76818, 1.20197, -21.1902)

[node name="MeshInstance3D" type="MeshInstance3D" parent="Block_7"]
transform = Transform3D(1, 0, 0, 0, 1, 0, 0, 0, 1, 0, 0.724454, 0)
mesh = SubResource("BoxMesh_hrfps")
surface_material_override/0 = SubResource("ORMMaterial3D_8i8bp")

[node name="CollisionShape3D" type="CollisionShape3D" parent="Block_7"]
transform = Transform3D(1, 0, 0, 0, 1, 0, 0, 0, 1, 0, 0.724454, 0)
shape = SubResource("ConvexPolygonShape3D_sfe40")

[node name="Block_9" type="StaticBody3D" parent="."]
transform = Transform3D(0.030992, 0.190906, -0.981119, 2.13235e-16, 0.981591, 0.190997, 0.99952, -0.00591939, 0.0304215, 4.82786, 1.20197, -36.5939)

[node name="MeshInstance3D" type="MeshInstance3D" parent="Block_9"]
transform = Transform3D(1, 0, 0, 0, 1, 0, 0, 0, 1, 0, 0.724454, 0)
mesh = SubResource("BoxMesh_hrfps")
surface_material_override/0 = SubResource("ORMMaterial3D_8i8bp")

[node name="CollisionShape3D" type="CollisionShape3D" parent="Block_9"]
transform = Transform3D(1, 1.85072e-10, -2.53917e-09, -5.02911e-10, 1, 4.1932e-09, 1.28578e-09, 9.30616e-09, 1, 0, 0.724454, 4.76837e-07)
shape = SubResource("ConvexPolygonShape3D_sfe40")

[node name="Block_11" type="StaticBody3D" parent="."]
transform = Transform3D(1, 0, 0, 0, 0.981591, 0.190997, 0, -0.190997, 0.981591, 2.74434, 1.20197, -8.91393)

[node name="MeshInstance3D" type="MeshInstance3D" parent="Block_11"]
transform = Transform3D(1, 0, 0, 0, 1, 0, 0, 0, 1, 0, 0.724454, 0)
mesh = SubResource("BoxMesh_hrfps")
surface_material_override/0 = SubResource("ORMMaterial3D_8i8bp")

[node name="CollisionShape3D" type="CollisionShape3D" parent="Block_11"]
transform = Transform3D(1, 0, 0, 0, 1, 0, 0, 0, 1, 0, 0.724454, 0)
shape = SubResource("ConvexPolygonShape3D_sfe40")

[node name="Block_12" type="StaticBody3D" parent="."]
transform = Transform3D(1, 0, 0, 0, 0.981591, 0.190997, 0, -0.190997, 0.981591, 10.0916, 1.20197, -14.9518)

[node name="MeshInstance3D" type="MeshInstance3D" parent="Block_12"]
transform = Transform3D(1, 0, 0, 0, 1, 0, 0, 0, 1, 0, 0.724454, 0)
mesh = SubResource("BoxMesh_hrfps")
surface_material_override/0 = SubResource("ORMMaterial3D_8i8bp")

[node name="CollisionShape3D" type="CollisionShape3D" parent="Block_12"]
transform = Transform3D(1, 0, 0, 0, 1, 0, 0, 0, 1, 0, 0.724454, 0)
shape = SubResource("ConvexPolygonShape3D_sfe40")

[node name="Block_10" type="StaticBody3D" parent="."]
transform = Transform3D(1, 0, 0, 0, 0.981591, 0.190997, 0, -0.190997, 0.981591, -9.51366, 1.20197, -33.182)

[node name="MeshInstance3D" type="MeshInstance3D" parent="Block_10"]
transform = Transform3D(1, 0, 0, 0, 1, 0, 0, 0, 1, 0, 0.724454, 0)
mesh = SubResource("BoxMesh_hrfps")
surface_material_override/0 = SubResource("ORMMaterial3D_8i8bp")

[node name="CollisionShape3D" type="CollisionShape3D" parent="Block_10"]
transform = Transform3D(1, 0, 0, 0, 1, 0, 0, 0, 1, 0, 0.724454, 0)
shape = SubResource("ConvexPolygonShape3D_sfe40")

[node name="Block_8" type="StaticBody3D" parent="."]
transform = Transform3D(0.0130198, 0.190981, -0.981507, 3.69608e-09, 0.981591, 0.190997, 0.999915, -0.00248672, 0.01278, -4.41006, 1.20197, -21.5789)

[node name="MeshInstance3D" type="MeshInstance3D" parent="Block_8"]
transform = Transform3D(1, 0, 0, 0, 1, 0, 0, 0, 1, 0, 0.724454, 0)
mesh = SubResource("BoxMesh_hrfps")
surface_material_override/0 = SubResource("ORMMaterial3D_8i8bp")

[node name="CollisionShape3D" type="CollisionShape3D" parent="Block_8"]
transform = Transform3D(1, 0, 0, 0, 1, 0, 0, 0, 1, 0, 0.724454, 0)
shape = SubResource("ConvexPolygonShape3D_sfe40")

[node name="Block_1" type="StaticBody3D" parent="."]
transform = Transform3D(0.00576344, 0.071728, -0.997408, 0.0102951, 0.997367, 0.0717845, 0.99993, -0.0106822, 0.0050098, 0.187806, 1.27701, 3.7628)

[node name="MeshInstance3D" type="MeshInstance3D" parent="Block_1"]
transform = Transform3D(1, 0, 0, 0, 1, 0, 0, 0, 1, 0, 0.724454, 0)
mesh = SubResource("BoxMesh_hrfps")
surface_material_override/0 = SubResource("ORMMaterial3D_uaxy0")

[node name="CollisionShape3D" type="CollisionShape3D" parent="Block_1"]
transform = Transform3D(1, 0, 0, 0, 1, 0, 0, 0, 1, 0, 0.724454, 0)
shape = SubResource("ConvexPolygonShape3D_e67ap")

[node name="Block_2" type="StaticBody3D" parent="."]
transform = Transform3D(0.999516, 0, -0.0311315, 0, 1, 0, 0.0311316, 0, 0.999516, 11.1883, 1.29422, 6.94277)

[node name="MeshInstance3D" type="MeshInstance3D" parent="Block_2"]
transform = Transform3D(1, 0, 0, 0, 1, 0, 0, 0, 1, 0, 0.724454, 0)
mesh = SubResource("BoxMesh_hrfps")
surface_material_override/0 = SubResource("ORMMaterial3D_1tlx7")

[node name="CollisionShape3D" type="CollisionShape3D" parent="Block_2"]
transform = Transform3D(1, 0, 0, 0, 1, 0, 0, 0, 1, 0, 0.724454, 0)
shape = SubResource("ConvexPolygonShape3D_n45ut")
